#
#
#
#
f 50 50 5 0 -10 0 1
#
#
f 55 75 5 65 -10 0 2
f 55 75 5 -65 -10 0 2
f 75 55 5 0 -10 65 2
f 75 55 5 0 -10 -65 2
#
f 5 5 1 30 -5 0 2
f 5 5 1 -30 -5 0 2
f 5 5 1 0 -5 30 2
f 5 5 1 0 -5 -30 2
#
f 5 5 1 -10 -3 -15 1
f 5 5 1 -5 -4 -15 1
f 5 5 1 0 -5 -15 1
f 5 5 1 5 -6 -15 1
f 5 5 1 5 -7 -10 1
#
f 5 5 1 10 -3 15 1
f 5 5 1 5 -4 15 1
f 5 5 1 0 -5 15 1
f 5 5 1 -5 -6 15 1
f 5 5 1 -5 -7 10 1
#
w 25 25 100 50 -20 50 2
w 25 25 100 -50 -20 -50 2
w 25 25 100 50 -20 -50 2
w 25 25 100 -50 -20 50 2
#
f 25 25 1 50 30 50 2
f 25 25 1 -50 30 -50 2
f 25 25 1 50 30 -50 2
f 25 25 1 -50 30 50 2
#
w 25 25 50 25 -20 25 2
w 25 25 50 -25 -20 -25 2
w 25 25 50 25 -20 -25 2
w 25 25 50 -25 -20 25 2
#
f 25 25 1 25 5 25 2
f 25 25 1 -25 5 -25 2
f 25 25 1 25 5 -25 2
f 25 25 1 -25 5 25 2
#
s 0 0 0 0
