#
#
#
#
f 50 50 5 0 -10 0 1
#
#
f 25 75 5 50 -10 0 2
f 25 75 5 -50 -10 0 2
f 75 25 5 0 -10 50 2
f 75 25 5 0 -10 -50 2
#
f 5 5 1 30 -5 0 2
f 5 5 1 -30 -5 0 2
f 5 5 1 0 -5 30 2
f 5 5 1 0 -5 -30 2
#
f 2 1 1 -4 -2 30 2
f 2 1 1 -6 -4 33 2
f 1 1 1 -4 -2 35 2
f 2 1 1 -8 -1 37 2
f 1 1 1 -10 2 38 2
#
f 2 1 1 4 -2 -30 2
f 2 1 1 6 -4 -33 2
f 1 1 1 4 -2 -35 2
f 2 1 1 8 -1 -37 2
f 1 1 1 10 2 -38 2
#
f 5 5 1 -10 -3 -15 1
f 5 5 1 -5 -4 -15 1
f 5 5 1 0 -5 -15 1
f 5 5 1 5 -6 -15 1
f 5 5 1 5 -7 -10 1
#
f 5 5 1 10 -3 15 1
f 5 5 1 5 -4 15 1
f 5 5 1 0 -5 15 1
f 5 5 1 -5 -6 15 1
f 5 5 1 -5 -7 10 1
#
f 2 2 1 17 0 11.5 1
f 2 2 1 -17 0 -11.5 1
#
f 1 2 1 22 2 12 1
f 1 2 1 -22 2 -12 1
#
w 2 2 9 -5 -7 7 3
w 2 2 9 -5 -7 -7 3
w 2 2 9 5 -7 7 3
w 2 2 9 5 -7 -7 3
#
f 15 15 2 0 -0 0 3
#
w 125 20 100 0 -20 72.5 2
w 125 20 100 0 -20 -72.5 2
w 20 165 100 -72.5 -20 0 2
w 20 165 100 72.5 -20 0 2
#
w 25 25 100 50 -20 50 2
w 25 25 100 -50 -20 -50 2
w 25 25 100 50 -20 -50 2
w 25 25 100 -50 -20 50 2
#
f 25 25 1 50 30.5 50 2
f 25 25 1 -50 30.5 -50 2
f 25 25 1 50 30.5 -50 2
f 25 25 1 -50 30.5 50 2
#
f 25 2 1 50 8 36.5 2
f 3 2 1 55 12 36.5 2
f 1 2 1 48 16 36.5 2
f 1 2 1 48 20 36.5 2
f 1 2 1 48 24 36.5 2
f 1 2 1 55 27 36.5 2
#
f 25 2 1 -50 8 -36.5 2
f 3 2 1 -55 12 -36.5 2
f 1 2 1 -48 16 -36.5 2
f 1 2 1 -48 20 -36.5 2
f 1 2 1 -48 24 -36.5 2
f 1 2 1 -55 27 -36.5 2
#
f 25 2 1 50 8 -36.5 2
f 3 2 1 55 12 -36.5 2
f 1 2 1 48 16 -36.5 2
f 1 2 1 48 20 -36.5 2
f 1 2 1 48 24 -36.5 2
f 1 2 1 55 27 -36.5 2
#
f 25 2 1 -50 8 36.5 2
f 3 2 1 -55 12 36.5 2
f 1 2 1 -48 16 36.5 2
f 1 2 1 -48 20 36.5 2
f 1 2 1 -48 24 36.5 2
f 1 2 1 -55 27 36.5 2
#
f 2 25 1 -36.5 8 50 2
f 2 3 1 -36.5 12 55 2
f 2 1 1 -36.5 16 48 2
f 2 1 1 -36.5 20 48 2
f 2 1 1 -36.5 24 48 2
f 2 1 1 -36.5 27 50 2
#
f 2 25 1 36.5 8 -50 2
f 2 3 1 36.5 12 -55 2
f 2 1 1 36.5 16 -48 2
f 2 1 1 36.5 20 -48 2
f 2 1 1 36.5 24 -48 2
f 2 1 1 36.5 27 -50 2
#
f 2 25 1 -36.5 8 -50 2
f 2 3 1 -36.5 12 -55 2
f 2 1 1 -36.5 16 -48 2
f 2 1 1 -36.5 20 -48 2
f 2 1 1 -36.5 24 -48 2
f 2 1 1 -36.5 27 -50 2
#
f 2 25 1 36.5 8 50 2
f 2 3 1 36.5 12 55 2
f 2 1 1 36.5 16 48 2
f 2 1 1 36.5 20 48 2
f 2 1 1 36.5 24 48 2
f 2 1 1 36.5 27 50 2
#
f 75 2 1 0 30.5 -38.5 2
f 2 75 1 -38.5 30.5 0 2
#
f 75 2 1 0 30.5 38.5 2
f 2 75 1 38.5 30.5 0 2
#
f 125 165 10 0 -70 0 2
#
w 25 25 50 25 -20 25 2
w 25 25 50 -25 -20 -25 2
w 25 25 50 25 -20 -25 2
w 25 25 50 -25 -20 25 2
#
f 25 25 1 25 5.5 25 2
f 25 25 1 -25 5.5 -25 2
f 25 25 1 25 5.5 -25 2
f 25 25 1 -25 5.5 25 2
#
s 0 0 0 0
s 10 10 10 0
s 5 5 5 0
s -5 5 5 0
s -10 5 5 0
